image: icra2023-track.png
resolution: 1.0
origin: [-81.75675943118459,-49.98378618463543, 0.000000]
negate: 0
occupied_thresh: 0.45
free_thresh: 0.196
